1531356903 000000 SNAPSHOT ni1901 | 111680 111750 |   1 x   1 | 0 0 |   0 x   0 | 0 0 |   0 x   0 | 0 0 |   0 x   0 | 0 0 |   0 x   0 | 111730 0 22768 M 2521604820 66628
1531357259 000000 SNAPSHOT ni1901 | 111390 111420 |   2 x   4 | 0 0 |   0 x   0 | 0 0 |   0 x   0 | 0 0 |   0 x   0 | 0 0 |   0 x   0 | 111400 0 23438 M 2596240620 66938
1531357319 000000 SNAPSHOT ni1901 | 111350 111360 | 415 x  14 | 0 0 |   0 x   0 | 0 0 |   0 x   0 | 0 0 |   0 x   0 | 0 0 |   0 x   0 | 111350 0 24116 M 2671762760 67104
1531357379 000000 SNAPSHOT ni1901 | 111300 111310 |   5 x   2 | 0 0 |   0 x   0 | 0 0 |   0 x   0 | 0 0 |   0 x   0 | 0 0 |   0 x   0 | 111300 0 25218 M 2794471080 67596
1531357439 000000 SNAPSHOT ni1901 | 111300 111340 |   1 x   5 | 0 0 |   0 x   0 | 0 0 |   0 x   0 | 0 0 |   0 x   0 | 0 0 |   0 x   0 | 111320 0 25484 M 2824078100 67606
1531357499 000000 SNAPSHOT ni1901 | 111280 111320 |   4 x   2 | 0 0 |   0 x   0 | 0 0 |   0 x   0 | 0 0 |   0 x   0 | 0 0 |   0 x   0 | 111280 0 25612 M 2838323560 67564
1531357559 000000 SNAPSHOT ni1901 | 111390 111450 |   3 x   2 | 0 0 |   0 x   0 | 0 0 |   0 x   0 | 0 0 |   0 x   0 | 0 0 |   0 x   0 | 111420 0 25908 M 2871292180 67474
1531357619 000000 SNAPSHOT ni1901 | 111260 111300 |   3 x   3 | 0 0 |   0 x   0 | 0 0 |   0 x   0 | 0 0 |   0 x   0 | 0 0 |   0 x   0 | 111290 0 26098 M 2892441900 67492
1531357679 000000 SNAPSHOT ni1901 | 111280 111330 |   6 x   3 | 0 0 |   0 x   0 | 0 0 |   0 x   0 | 0 0 |   0 x   0 | 0 0 |   0 x   0 | 111310 0 26174 M 2900900080 67486
1531357739 000000 SNAPSHOT ni1901 | 111230 111260 |  20 x   8 | 0 0 |   0 x   0 | 0 0 |   0 x   0 | 0 0 |   0 x   0 | 0 0 |   0 x   0 | 111250 0 26272 M 2911802900 67470
1531357799 000000 SNAPSHOT ni1901 | 111200 111230 |   3 x   4 | 0 0 |   0 x   0 | 0 0 |   0 x   0 | 0 0 |   0 x   0 | 0 0 |   0 x   0 | 111210 0 26440 M 2930488940 67470
1531357858 000000 SNAPSHOT ni1901 | 111230 111280 |   6 x  22 | 0 0 |   0 x   0 | 0 0 |   0 x   0 | 0 0 |   0 x   0 | 0 0 |   0 x   0 | 111230 0 26798 M 2970308480 67486
1531357919 000000 SNAPSHOT ni1901 | 111350 111420 |  10 x   5 | 0 0 |   0 x   0 | 0 0 |   0 x   0 | 0 0 |   0 x   0 | 0 0 |   0 x   0 | 111350 0 26968 M 2989234800 67532
1531357979 000000 SNAPSHOT ni1901 | 111350 111390 |   4 x  14 | 0 0 |   0 x   0 | 0 0 |   0 x   0 | 0 0 |   0 x   0 | 0 0 |   0 x   0 | 111380 0 27016 M 2994581940 67512
1531358039 000000 SNAPSHOT ni1901 | 111340 111380 |   5 x   7 | 0 0 |   0 x   0 | 0 0 |   0 x   0 | 0 0 |   0 x   0 | 0 0 |   0 x   0 | 111380 0 27162 M 3010840200 67540
1531358099 000000 SNAPSHOT ni1901 | 111320 111370 |  14 x   2 | 0 0 |   0 x   0 | 0 0 |   0 x   0 | 0 0 |   0 x   0 | 0 0 |   0 x   0 | 111340 0 27204 M 3015515700 67554
1531358159 000000 SNAPSHOT ni1901 | 111270 111320 |  17 x   2 | 0 0 |   0 x   0 | 0 0 |   0 x   0 | 0 0 |   0 x   0 | 0 0 |   0 x   0 | 111260 0 27236 M 3019078180 67558
1531358215 000000 SNAPSHOT ni1901 | 111280 111320 |   1 x   4 | 0 0 |   0 x   0 | 0 0 |   0 x   0 | 0 0 |   0 x   0 | 0 0 |   0 x   0 | 111310 0 27274 M 3023307180 67554
1531358279 000000 SNAPSHOT ni1901 | 111370 111390 |   4 x   2 | 0 0 |   0 x   0 | 0 0 |   0 x   0 | 0 0 |   0 x   0 | 0 0 |   0 x   0 | 111390 0 27334 M 3029989120 67560
1531358339 000000 SNAPSHOT ni1901 | 111350 111390 |   4 x   4 | 0 0 |   0 x   0 | 0 0 |   0 x   0 | 0 0 |   0 x   0 | 0 0 |   0 x   0 | 111390 0 27460 M 3044024160 67604
1531358399 000000 SNAPSHOT ni1901 | 111280 111300 |  20 x   1 | 0 0 |   0 x   0 | 0 0 |   0 x   0 | 0 0 |   0 x   0 | 0 0 |   0 x   0 | 111290 0 27514 M 3050034220 67584
1531358459 000000 SNAPSHOT ni1901 | 111360 111380 |   2 x   8 | 0 0 |   0 x   0 | 0 0 |   0 x   0 | 0 0 |   0 x   0 | 0 0 |   0 x   0 | 111380 0 27592 M 3058718940 67588
1531358517 000000 SNAPSHOT ni1901 | 111340 111380 |  12 x   8 | 0 0 |   0 x   0 | 0 0 |   0 x   0 | 0 0 |   0 x   0 | 0 0 |   0 x   0 | 111350 0 27624 M 3062281860 67594
1531358579 000000 SNAPSHOT ni1901 | 111340 111380 |   1 x   8 | 0 0 |   0 x   0 | 0 0 |   0 x   0 | 0 0 |   0 x   0 | 0 0 |   0 x   0 | 111350 0 27662 M 3066514120 67590
1531358639 000000 SNAPSHOT ni1901 | 111340 111350 |   2 x   1 | 0 0 |   0 x   0 | 0 0 |   0 x   0 | 0 0 |   0 x   0 | 0 0 |   0 x   0 | 111350 0 27680 M 3068518140 67588
1531358699 000000 SNAPSHOT ni1901 | 111350 111380 |   7 x   3 | 0 0 |   0 x   0 | 0 0 |   0 x   0 | 0 0 |   0 x   0 | 0 0 |   0 x   0 | 111370 0 27706 M 3071413380 67580
1531358759 000000 SNAPSHOT ni1901 | 111370 111420 |   1 x   8 | 0 0 |   0 x   0 | 0 0 |   0 x   0 | 0 0 |   0 x   0 | 0 0 |   0 x   0 | 111370 0 27780 M 3079655720 67586
1531358819 000000 SNAPSHOT ni1901 | 111370 111400 |  20 x  14 | 0 0 |   0 x   0 | 0 0 |   0 x   0 | 0 0 |   0 x   0 | 0 0 |   0 x   0 | 111370 0 27802 M 3082105980 67578
1531358875 000000 SNAPSHOT ni1901 | 111390 111420 |   4 x   7 | 0 0 |   0 x   0 | 0 0 |   0 x   0 | 0 0 |   0 x   0 | 0 0 |   0 x   0 | 111400 0 27816 M 3083665220 67590
1531358939 000000 SNAPSHOT ni1901 | 111410 111460 |   6 x   6 | 0 0 |   0 x   0 | 0 0 |   0 x   0 | 0 0 |   0 x   0 | 0 0 |   0 x   0 | 111410 0 27866 M 3089236900 67590
1531358999 000000 SNAPSHOT ni1901 | 111400 111410 |   5 x   5 | 0 0 |   0 x   0 | 0 0 |   0 x   0 | 0 0 |   0 x   0 | 0 0 |   0 x   0 | 111420 0 27872 M 3089905320 67584
1531359059 000000 SNAPSHOT ni1901 | 111450 111480 |   2 x   1 | 0 0 |   0 x   0 | 0 0 |   0 x   0 | 0 0 |   0 x   0 | 0 0 |   0 x   0 | 111450 0 27962 M 3099935820 67604
1531359119 000000 SNAPSHOT ni1901 | 111610 111650 |   4 x  40 | 0 0 |   0 x   0 | 0 0 |   0 x   0 | 0 0 |   0 x   0 | 0 0 |   0 x   0 | 111640 0 28134 M 3119130680 67596
1531359179 000000 SNAPSHOT ni1901 | 112140 112160 |   2 x   4 | 0 0 |   0 x   0 | 0 0 |   0 x   0 | 0 0 |   0 x   0 | 0 0 |   0 x   0 | 112160 0 28790 M 3192547160 67496
1531359239 000000 SNAPSHOT ni1901 | 112640 112660 |   2 x   5 | 0 0 |   0 x   0 | 0 0 |   0 x   0 | 0 0 |   0 x   0 | 0 0 |   0 x   0 | 112660 0 29576 M 3280844320 67424
1531359299 000000 SNAPSHOT ni1901 | 112470 112510 |   4 x   2 | 0 0 |   0 x   0 | 0 0 |   0 x   0 | 0 0 |   0 x   0 | 0 0 |   0 x   0 | 112500 0 30198 M 3350849260 67336
1531359359 000000 SNAPSHOT ni1901 | 112500 112540 |   7 x   2 | 0 0 |   0 x   0 | 0 0 |   0 x   0 | 0 0 |   0 x   0 | 0 0 |   0 x   0 | 112530 0 30414 M 3375144000 67322
1531359419 000000 SNAPSHOT ni1901 | 113100 113130 |   3 x   1 | 0 0 |   0 x   0 | 0 0 |   0 x   0 | 0 0 |   0 x   0 | 0 0 |   0 x   0 | 113130 0 31348 M 3480638680 67342
1531359479 000000 SNAPSHOT ni1901 | 113040 113100 |  10 x  10 | 0 0 |   0 x   0 | 0 0 |   0 x   0 | 0 0 |   0 x   0 | 0 0 |   0 x   0 | 113050 0 31938 M 3547332740 67224
1531359539 000000 SNAPSHOT ni1901 | 113160 113200 |  20 x   5 | 0 0 |   0 x   0 | 0 0 |   0 x   0 | 0 0 |   0 x   0 | 0 0 |   0 x   0 | 113170 0 32266 M 3584477160 67176
1531359599 000000 SNAPSHOT ni1901 | 113360 113380 |   1 x   5 | 0 0 |   0 x   0 | 0 0 |   0 x   0 | 0 0 |   0 x   0 | 0 0 |   0 x   0 | 113360 0 33556 M 3730662260 67794
1531359659 000000 SNAPSHOT ni1901 | 113240 113290 |   2 x   4 | 0 0 |   0 x   0 | 0 0 |   0 x   0 | 0 0 |   0 x   0 | 0 0 |   0 x   0 | 113260 0 34420 M 3828571980 68270
1531359719 000000 SNAPSHOT ni1901 | 113540 113550 |   1 x   1 | 0 0 |   0 x   0 | 0 0 |   0 x   0 | 0 0 |   0 x   0 | 0 0 |   0 x   0 | 113560 0 34928 M 3886205060 68210
1531359779 000000 SNAPSHOT ni1901 | 114050 114100 | 153 x   3 | 0 0 |   0 x   0 | 0 0 |   0 x   0 | 0 0 |   0 x   0 | 0 0 |   0 x   0 | 114100 0 36182 M 4029097900 68326
1531359839 000000 SNAPSHOT ni1901 | 113740 113800 |   1 x   3 | 0 0 |   0 x   0 | 0 0 |   0 x   0 | 0 0 |   0 x   0 | 0 0 |   0 x   0 | 113740 0 37536 M 4183382040 69068
1531359899 000000 SNAPSHOT ni1901 | 113590 113660 |  32 x   1 | 0 0 |   0 x   0 | 0 0 |   0 x   0 | 0 0 |   0 x   0 | 0 0 |   0 x   0 | 113670 0 38100 M 4247486940 69186
1531359959 000000 SNAPSHOT ni1901 | 113570 113610 |   2 x   1 | 0 0 |   0 x   0 | 0 0 |   0 x   0 | 0 0 |   0 x   0 | 0 0 |   0 x   0 | 113560 0 38364 M 4277483060 69220
1531360019 000000 SNAPSHOT ni1901 | 113620 113670 |   2 x   2 | 0 0 |   0 x   0 | 0 0 |   0 x   0 | 0 0 |   0 x   0 | 0 0 |   0 x   0 | 113610 0 38452 M 4287480960 69220
1531360079 000000 SNAPSHOT ni1901 | 113620 113670 |  34 x   2 | 0 0 |   0 x   0 | 0 0 |   0 x   0 | 0 0 |   0 x   0 | 0 0 |   0 x   0 | 113640 0 38554 M 4299075200 69224
1531360139 000000 SNAPSHOT ni1901 | 113550 113590 |   2 x   2 | 0 0 |   0 x   0 | 0 0 |   0 x   0 | 0 0 |   0 x   0 | 0 0 |   0 x   0 | 113560 0 38706 M 4316342700 69220
1531360199 000000 SNAPSHOT ni1901 | 113580 113640 |   2 x   3 | 0 0 |   0 x   0 | 0 0 |   0 x   0 | 0 0 |   0 x   0 | 0 0 |   0 x   0 | 113590 0 38816 M 4328836280 69232
1531360259 000000 SNAPSHOT ni1901 | 113670 113680 |   5 x   4 | 0 0 |   0 x   0 | 0 0 |   0 x   0 | 0 0 |   0 x   0 | 0 0 |   0 x   0 | 113680 0 38960 M 4345201000 69230
1531360319 000000 SNAPSHOT ni1901 | 113530 113570 |   2 x   2 | 0 0 |   0 x   0 | 0 0 |   0 x   0 | 0 0 |   0 x   0 | 0 0 |   0 x   0 | 113530 0 39068 M 4357467080 69266
1531360379 000000 SNAPSHOT ni1901 | 113540 113590 |   2 x   2 | 0 0 |   0 x   0 | 0 0 |   0 x   0 | 0 0 |   0 x   0 | 0 0 |   0 x   0 | 113580 0 39416 M 4396989820 69188
1531360439 000000 SNAPSHOT ni1901 | 113540 113600 |   1 x   2 | 0 0 |   0 x   0 | 0 0 |   0 x   0 | 0 0 |   0 x   0 | 0 0 |   0 x   0 | 113580 0 39478 M 4404032260 69180
1531360499 000000 SNAPSHOT ni1901 | 113570 113580 |   3 x   1 | 0 0 |   0 x   0 | 0 0 |   0 x   0 | 0 0 |   0 x   0 | 0 0 |   0 x   0 | 113580 0 39586 M 4416301180 69182
1531360559 000000 SNAPSHOT ni1901 | 113580 113610 |   4 x   1 | 0 0 |   0 x   0 | 0 0 |   0 x   0 | 0 0 |   0 x   0 | 0 0 |   0 x   0 | 113610 0 39662 M 4424935120 69202
1531360619 000000 SNAPSHOT ni1901 | 113520 113570 |   1 x   4 | 0 0 |   0 x   0 | 0 0 |   0 x   0 | 0 0 |   0 x   0 | 0 0 |   0 x   0 | 113530 0 39752 M 4435156040 69230
1531360679 000000 SNAPSHOT ni1901 | 113540 113570 |   2 x  17 | 0 0 |   0 x   0 | 0 0 |   0 x   0 | 0 0 |   0 x   0 | 0 0 |   0 x   0 | 113570 0 39976 M 4460583140 69280
1531360739 000000 SNAPSHOT ni1901 | 113620 113650 |   2 x   1 | 0 0 |   0 x   0 | 0 0 |   0 x   0 | 0 0 |   0 x   0 | 0 0 |   0 x   0 | 113650 0 40050 M 4468988780 69302
1531360798 000000 SNAPSHOT ni1901 | 113720 113770 |   1 x   1 | 0 0 |   0 x   0 | 0 0 |   0 x   0 | 0 0 |   0 x   0 | 0 0 |   0 x   0 | 113740 0 40166 M 4482178260 69308
1531360859 000000 SNAPSHOT ni1901 | 113730 113840 |   2 x   5 | 0 0 |   0 x   0 | 0 0 |   0 x   0 | 0 0 |   0 x   0 | 0 0 |   0 x   0 | 113820 0 40642 M 4536370280 69292
1531360919 000000 SNAPSHOT ni1901 | 113690 113760 |   4 x   6 | 0 0 |   0 x   0 | 0 0 |   0 x   0 | 0 0 |   0 x   0 | 0 0 |   0 x   0 | 113760 0 40928 M 4568903540 69206
1531360979 000000 SNAPSHOT ni1901 | 113730 113800 |   1 x   1 | 0 0 |   0 x   0 | 0 0 |   0 x   0 | 0 0 |   0 x   0 | 0 0 |   0 x   0 | 113730 0 41088 M 4587105000 69258
1531361039 000000 SNAPSHOT ni1901 | 113740 113810 |   4 x   2 | 0 0 |   0 x   0 | 0 0 |   0 x   0 | 0 0 |   0 x   0 | 0 0 |   0 x   0 | 113750 0 41242 M 4604626840 69270
1531361099 000000 SNAPSHOT ni1901 | 113610 113630 |   2 x   1 | 0 0 |   0 x   0 | 0 0 |   0 x   0 | 0 0 |   0 x   0 | 0 0 |   0 x   0 | 113650 0 41354 M 4617360420 69308
1531361159 000000 SNAPSHOT ni1901 | 113550 113590 |   3 x   1 | 0 0 |   0 x   0 | 0 0 |   0 x   0 | 0 0 |   0 x   0 | 0 0 |   0 x   0 | 113590 0 41450 M 4628264200 69310
1531361219 000000 SNAPSHOT ni1901 | 113550 113610 |   3 x   1 | 0 0 |   0 x   0 | 0 0 |   0 x   0 | 0 0 |   0 x   0 | 0 0 |   0 x   0 | 113550 0 41512 M 4635306660 69298
1531361279 000000 SNAPSHOT ni1901 | 113430 113490 |   1 x   1 | 0 0 |   0 x   0 | 0 0 |   0 x   0 | 0 0 |   0 x   0 | 0 0 |   0 x   0 | 113480 0 41652 M 4651193540 69296
1531361339 000000 SNAPSHOT ni1901 | 113450 113500 |   5 x   5 | 0 0 |   0 x   0 | 0 0 |   0 x   0 | 0 0 |   0 x   0 | 0 0 |   0 x   0 | 113500 0 41722 M 4659135000 69282
1531361399 000000 SNAPSHOT ni1901 | 113520 113580 |   1 x   3 | 0 0 |   0 x   0 | 0 0 |   0 x   0 | 0 0 |   0 x   0 | 0 0 |   0 x   0 | 113550 0 41784 M 4666172780 69278
1531361459 000000 SNAPSHOT ni1901 | 113470 113520 |   2 x   2 | 0 0 |   0 x   0 | 0 0 |   0 x   0 | 0 0 |   0 x   0 | 0 0 |   0 x   0 | 113520 0 41898 M 4679107520 69310
1531361519 000000 SNAPSHOT ni1901 | 113430 113490 |   3 x   2 | 0 0 |   0 x   0 | 0 0 |   0 x   0 | 0 0 |   0 x   0 | 0 0 |   0 x   0 | 113430 0 41968 M 4687050520 69322
1531361578 000000 SNAPSHOT ni1901 | 113380 113430 |   3 x   2 | 0 0 |   0 x   0 | 0 0 |   0 x   0 | 0 0 |   0 x   0 | 0 0 |   0 x   0 | 113390 0 42110 M 4703156560 69390
1531361639 000000 SNAPSHOT ni1901 | 113400 113470 |   2 x   2 | 0 0 |   0 x   0 | 0 0 |   0 x   0 | 0 0 |   0 x   0 | 0 0 |   0 x   0 | 113470 0 42222 M 4715863400 69390
1531361699 000000 SNAPSHOT ni1901 | 113460 113510 |   1 x   1 | 0 0 |   0 x   0 | 0 0 |   0 x   0 | 0 0 |   0 x   0 | 0 0 |   0 x   0 | 113510 0 42342 M 4729481260 69388
time is 10:30:2, nexttime is 10:16:0, makeup 14 times
1531361702 000000 SNAPSHOT ni1901 | 113460 113510 |   1 x   1 | 0 0 |   0 x   0 | 0 0 |   0 x   0 | 0 0 |   0 x   0 | 0 0 |   0 x   0 | 113510 0 42342 M 4729481260 69388
1531362659 000000 SNAPSHOT ni1901 | 113510 113550 |   1 x   2 | 0 0 |   0 x   0 | 0 0 |   0 x   0 | 0 0 |   0 x   0 | 0 0 |   0 x   0 | 113560 0 42894 M 4792109700 69524
1531362719 000000 SNAPSHOT ni1901 | 113470 113500 |   6 x   2 | 0 0 |   0 x   0 | 0 0 |   0 x   0 | 0 0 |   0 x   0 | 0 0 |   0 x   0 | 113510 0 42974 M 4801190300 69516
1531362779 000000 SNAPSHOT ni1901 | 113500 113510 |   2 x 211 | 0 0 |   0 x   0 | 0 0 |   0 x   0 | 0 0 |   0 x   0 | 0 0 |   0 x   0 | 113500 0 43156 M 4821846440 69496
1531362839 000000 SNAPSHOT ni1901 | 113470 113510 |   2 x 210 | 0 0 |   0 x   0 | 0 0 |   0 x   0 | 0 0 |   0 x   0 | 0 0 |   0 x   0 | 113460 0 43300 M 4838186360 69440
1531362895 000000 SNAPSHOT ni1901 | 113430 113480 |   3 x   1 | 0 0 |   0 x   0 | 0 0 |   0 x   0 | 0 0 |   0 x   0 | 0 0 |   0 x   0 | 113440 0 43358 M 4844766980 69406
1531362959 000000 SNAPSHOT ni1901 | 113430 113460 |   1 x   1 | 0 0 |   0 x   0 | 0 0 |   0 x   0 | 0 0 |   0 x   0 | 0 0 |   0 x   0 | 113400 0 43516 M 4862693400 69388
1531363019 000000 SNAPSHOT ni1901 | 113360 113370 |   1 x  24 | 0 0 |   0 x   0 | 0 0 |   0 x   0 | 0 0 |   0 x   0 | 0 0 |   0 x   0 | 113370 0 43704 M 4884009640 69334
1531363079 000000 SNAPSHOT ni1901 | 113230 113240 |   1 x 485 | 0 0 |   0 x   0 | 0 0 |   0 x   0 | 0 0 |   0 x   0 | 0 0 |   0 x   0 | 113230 0 43890 M 4905083540 69246
1531363139 000000 SNAPSHOT ni1901 | 113180 113210 |   2 x   2 | 0 0 |   0 x   0 | 0 0 |   0 x   0 | 0 0 |   0 x   0 | 0 0 |   0 x   0 | 113190 0 44134 M 4932709740 69210
1531363199 000000 SNAPSHOT ni1901 | 113220 113230 |   8 x   2 | 0 0 |   0 x   0 | 0 0 |   0 x   0 | 0 0 |   0 x   0 | 0 0 |   0 x   0 | 113230 0 44252 M 4946067060 69220
1531363259 000000 SNAPSHOT ni1901 | 113210 113230 |   5 x   2 | 0 0 |   0 x   0 | 0 0 |   0 x   0 | 0 0 |   0 x   0 | 0 0 |   0 x   0 | 113230 0 44724 M 4999514380 68934
1531363317 000000 SNAPSHOT ni1901 | 113240 113250 |  14 x   2 | 0 0 |   0 x   0 | 0 0 |   0 x   0 | 0 0 |   0 x   0 | 0 0 |   0 x   0 | 113240 0 45374 M 5073119320 68552
1531363379 000000 SNAPSHOT ni1901 | 113250 113260 |  26 x 332 | 0 0 |   0 x   0 | 0 0 |   0 x   0 | 0 0 |   0 x   0 | 0 0 |   0 x   0 | 113250 0 45774 M 5118422600 68228
1531363438 000000 SNAPSHOT ni1901 | 113220 113260 |   6 x  95 | 0 0 |   0 x   0 | 0 0 |   0 x   0 | 0 0 |   0 x   0 | 0 0 |   0 x   0 | 113260 0 46384 M 5187509520 67826
1531363499 000000 SNAPSHOT ni1901 | 113220 113240 |   9 x   2 | 0 0 |   0 x   0 | 0 0 |   0 x   0 | 0 0 |   0 x   0 | 0 0 |   0 x   0 | 113230 0 46472 M 5197473520 67854
1531363558 000000 SNAPSHOT ni1901 | 113300 113360 |   3 x   1 | 0 0 |   0 x   0 | 0 0 |   0 x   0 | 0 0 |   0 x   0 | 0 0 |   0 x   0 | 113300 0 46750 M 5228967200 67668
1531363613 000000 SNAPSHOT ni1901 | 113270 113320 |   3 x   1 | 0 0 |   0 x   0 | 0 0 |   0 x   0 | 0 0 |   0 x   0 | 0 0 |   0 x   0 | 113280 0 46834 M 5238485160 67668
1531363679 000000 SNAPSHOT ni1901 | 113290 113320 |   1 x   1 | 0 0 |   0 x   0 | 0 0 |   0 x   0 | 0 0 |   0 x   0 | 0 0 |   0 x   0 | 113300 0 46850 M 5240297840 67676
1531363738 000000 SNAPSHOT ni1901 | 113250 113290 |   2 x  12 | 0 0 |   0 x   0 | 0 0 |   0 x   0 | 0 0 |   0 x   0 | 0 0 |   0 x   0 | 113270 0 46880 M 5243696580 67672
1531363799 000000 SNAPSHOT ni1901 | 113250 113300 |   4 x   1 | 0 0 |   0 x   0 | 0 0 |   0 x   0 | 0 0 |   0 x   0 | 0 0 |   0 x   0 | 113260 0 46964 M 5253210500 67704
1531363859 000000 SNAPSHOT ni1901 | 113220 113280 |   2 x  10 | 0 0 |   0 x   0 | 0 0 |   0 x   0 | 0 0 |   0 x   0 | 0 0 |   0 x   0 | 113280 0 46972 M 5254116740 67712
1531363901 000000 SNAPSHOT ni1901 | 113250 113280 |   2 x   7 | 0 0 |   0 x   0 | 0 0 |   0 x   0 | 0 0 |   0 x   0 | 0 0 |   0 x   0 | 113280 0 46978 M 5254796420 67712
1531363978 000000 SNAPSHOT ni1901 | 113260 113310 |   1 x   1 | 0 0 |   0 x   0 | 0 0 |   0 x   0 | 0 0 |   0 x   0 | 0 0 |   0 x   0 | 113300 0 47002 M 5257515140 67718
1531364039 000000 SNAPSHOT ni1901 | 113280 113320 |   1 x   1 | 0 0 |   0 x   0 | 0 0 |   0 x   0 | 0 0 |   0 x   0 | 0 0 |   0 x   0 | 113260 0 47058 M 5263859620 67748
1531364097 000000 SNAPSHOT ni1901 | 113250 113320 |   4 x   1 | 0 0 |   0 x   0 | 0 0 |   0 x   0 | 0 0 |   0 x   0 | 0 0 |   0 x   0 | 113280 0 47074 M 5265672060 67738
1531364159 000000 SNAPSHOT ni1901 | 113310 113360 |   4 x   7 | 0 0 |   0 x   0 | 0 0 |   0 x   0 | 0 0 |   0 x   0 | 0 0 |   0 x   0 | 113320 0 47236 M 5284030320 67840
1531364218 000000 SNAPSHOT ni1901 | 113430 113460 |   1 x   3 | 0 0 |   0 x   0 | 0 0 |   0 x   0 | 0 0 |   0 x   0 | 0 0 |   0 x   0 | 113430 0 47430 M 5306025400 67952
1531364279 000000 SNAPSHOT ni1901 | 113370 113430 |   2 x   3 | 0 0 |   0 x   0 | 0 0 |   0 x   0 | 0 0 |   0 x   0 | 0 0 |   0 x   0 | 113410 0 47576 M 5322588200 68036
1531364339 000000 SNAPSHOT ni1901 | 113410 113440 |   1 x   2 | 0 0 |   0 x   0 | 0 0 |   0 x   0 | 0 0 |   0 x   0 | 0 0 |   0 x   0 | 113420 0 47622 M 5327805540 68030
1531364399 000000 SNAPSHOT ni1901 | 113590 113620 |   1 x   1 | 0 0 |   0 x   0 | 0 0 |   0 x   0 | 0 0 |   0 x   0 | 0 0 |   0 x   0 | 113590 0 48346 M 5409992160 67830
1531364458 000000 SNAPSHOT ni1901 | 113580 113630 |   3 x   2 | 0 0 |   0 x   0 | 0 0 |   0 x   0 | 0 0 |   0 x   0 | 0 0 |   0 x   0 | 113600 0 48400 M 5416127580 67838
1531364518 000000 SNAPSHOT ni1901 | 113540 113600 |   1 x   8 | 0 0 |   0 x   0 | 0 0 |   0 x   0 | 0 0 |   0 x   0 | 0 0 |   0 x   0 | 113550 0 48410 M 5417263260 67832
1531364579 000000 SNAPSHOT ni1901 | 113540 113600 |   1 x   8 | 0 0 |   0 x   0 | 0 0 |   0 x   0 | 0 0 |   0 x   0 | 0 0 |   0 x   0 | 113590 0 48412 M 5417490440 67830
1531364639 000000 SNAPSHOT ni1901 | 113570 113620 |   4 x   2 | 0 0 |   0 x   0 | 0 0 |   0 x   0 | 0 0 |   0 x   0 | 0 0 |   0 x   0 | 113600 0 48582 M 5436801580 67862
1531364699 000000 SNAPSHOT ni1901 | 113580 113640 |   4 x   7 | 0 0 |   0 x   0 | 0 0 |   0 x   0 | 0 0 |   0 x   0 | 0 0 |   0 x   0 | 113590 0 48666 M 5446347540 67864
1531364759 000000 SNAPSHOT ni1901 | 113590 113640 |   2 x   2 | 0 0 |   0 x   0 | 0 0 |   0 x   0 | 0 0 |   0 x   0 | 0 0 |   0 x   0 | 113580 0 48722 M 5452709220 67864
1531364819 000000 SNAPSHOT ni1901 | 113530 113560 |   4 x   1 | 0 0 |   0 x   0 | 0 0 |   0 x   0 | 0 0 |   0 x   0 | 0 0 |   0 x   0 | 113560 0 48800 M 5461567160 67878
1531364876 000000 SNAPSHOT ni1901 | 113520 113540 |   1 x   1 | 0 0 |   0 x   0 | 0 0 |   0 x   0 | 0 0 |   0 x   0 | 0 0 |   0 x   0 | 113520 0 48836 M 5465654400 67902
1531364939 000000 SNAPSHOT ni1901 | 113520 113580 |   2 x   4 | 0 0 |   0 x   0 | 0 0 |   0 x   0 | 0 0 |   0 x   0 | 0 0 |   0 x   0 | 113580 0 48846 M 5466790000 67900
1531364999 000000 SNAPSHOT ni1901 | 113460 113530 |   4 x   4 | 0 0 |   0 x   0 | 0 0 |   0 x   0 | 0 0 |   0 x   0 | 0 0 |   0 x   0 | 113510 0 48896 M 5472464760 67908
1531365059 000000 SNAPSHOT ni1901 | 113390 113460 |   2 x   2 | 0 0 |   0 x   0 | 0 0 |   0 x   0 | 0 0 |   0 x   0 | 0 0 |   0 x   0 | 113420 0 48914 M 5474506660 67914
1531365119 000000 SNAPSHOT ni1901 | 113420 113490 |   1 x   1 | 0 0 |   0 x   0 | 0 0 |   0 x   0 | 0 0 |   0 x   0 | 0 0 |   0 x   0 | 113480 0 48938 M 5477229940 67916
1531365179 000000 SNAPSHOT ni1901 | 113360 113460 |   1 x   1 | 0 0 |   0 x   0 | 0 0 |   0 x   0 | 0 0 |   0 x   0 | 0 0 |   0 x   0 | 113380 0 48980 M 5481994540 67932
1531365239 000000 SNAPSHOT ni1901 | 113350 113430 |   2 x   2 | 0 0 |   0 x   0 | 0 0 |   0 x   0 | 0 0 |   0 x   0 | 0 0 |   0 x   0 | 113370 0 49016 M 5486077340 67934
1531365299 000000 SNAPSHOT ni1901 | 113370 113420 |   1 x   1 | 0 0 |   0 x   0 | 0 0 |   0 x   0 | 0 0 |   0 x   0 | 0 0 |   0 x   0 | 113400 0 49018 M 5486304140 67934
1531365359 000000 SNAPSHOT ni1901 | 113550 113560 |   1 x   2 | 0 0 |   0 x   0 | 0 0 |   0 x   0 | 0 0 |   0 x   0 | 0 0 |   0 x   0 | 113510 0 49126 M 5498565000 67940
1531365419 000000 SNAPSHOT ni1901 | 113480 113550 |   2 x   2 | 0 0 |   0 x   0 | 0 0 |   0 x   0 | 0 0 |   0 x   0 | 0 0 |   0 x   0 | 113540 0 49212 M 5508326300 67930
1531365479 000000 SNAPSHOT ni1901 | 113520 113580 |   5 x   5 | 0 0 |   0 x   0 | 0 0 |   0 x   0 | 0 0 |   0 x   0 | 0 0 |   0 x   0 | 113530 0 49222 M 5509461860 67926
1531365539 000000 SNAPSHOT ni1901 | 113590 113650 |   7 x   6 | 0 0 |   0 x   0 | 0 0 |   0 x   0 | 0 0 |   0 x   0 | 0 0 |   0 x   0 | 113600 0 49572 M 5549236340 67970
1531365599 000000 SNAPSHOT ni1901 | 113620 113660 |   3 x   2 | 0 0 |   0 x   0 | 0 0 |   0 x   0 | 0 0 |   0 x   0 | 0 0 |   0 x   0 | 113660 0 49610 M 5553554760 67980
1531365659 000000 SNAPSHOT ni1901 | 113590 113640 |   1 x   4 | 0 0 |   0 x   0 | 0 0 |   0 x   0 | 0 0 |   0 x   0 | 0 0 |   0 x   0 | 113630 0 49638 M 5556736680 67964
1531365719 000000 SNAPSHOT ni1901 | 113560 113640 |   1 x   1 | 0 0 |   0 x   0 | 0 0 |   0 x   0 | 0 0 |   0 x   0 | 0 0 |   0 x   0 | 113630 0 49696 M 5563325400 67930
1531365779 000000 SNAPSHOT ni1901 | 113630 113680 |   7 x   1 | 0 0 |   0 x   0 | 0 0 |   0 x   0 | 0 0 |   0 x   0 | 0 0 |   0 x   0 | 113660 0 49714 M 5565370840 67932
1531365839 000000 SNAPSHOT ni1901 | 113720 113790 |   5 x   1 | 0 0 |   0 x   0 | 0 0 |   0 x   0 | 0 0 |   0 x   0 | 0 0 |   0 x   0 | 113720 0 49828 M 5578336500 67922
1531365898 000000 SNAPSHOT ni1901 | 113680 113740 |   4 x   5 | 0 0 |   0 x   0 | 0 0 |   0 x   0 | 0 0 |   0 x   0 | 0 0 |   0 x   0 | 113700 0 49934 M 5590391720 67878
1531365959 000000 SNAPSHOT ni1901 | 113710 113740 |   1 x   1 | 0 0 |   0 x   0 | 0 0 |   0 x   0 | 0 0 |   0 x   0 | 0 0 |   0 x   0 | 113740 0 49974 M 5594939900 67876
1531366019 000000 SNAPSHOT ni1901 | 113920 113940 |   5 x   1 | 0 0 |   0 x   0 | 0 0 |   0 x   0 | 0 0 |   0 x   0 | 0 0 |   0 x   0 | 113980 0 50424 M 5646182520 67782
1531366079 000000 SNAPSHOT ni1901 | 113880 113930 |   2 x   7 | 0 0 |   0 x   0 | 0 0 |   0 x   0 | 0 0 |   0 x   0 | 0 0 |   0 x   0 | 113950 0 50862 M 5696084200 67888
1531366139 000000 SNAPSHOT ni1901 | 113830 113900 |   4 x   6 | 0 0 |   0 x   0 | 0 0 |   0 x   0 | 0 0 |   0 x   0 | 0 0 |   0 x   0 | 113880 0 50948 M 5705880100 67872
1531366199 000000 SNAPSHOT ni1901 | 114130 114230 |   2 x   1 | 0 0 |   0 x   0 | 0 0 |   0 x   0 | 0 0 |   0 x   0 | 0 0 |   0 x   0 | 114200 0 51424 M 5760162040 67998
time is 13:30:1, nexttime is 11:31:0, makeup 119 times
1531366201 000000 SNAPSHOT ni1901 | 114130 114230 |   2 x   1 | 0 0 |   0 x   0 | 0 0 |   0 x   0 | 0 0 |   0 x   0 | 0 0 |   0 x   0 | 114200 0 51424 M 5760162040 67998
1531373459 000000 SNAPSHOT ni1901 | 114200 114280 |   1 x   2 | 0 0 |   0 x   0 | 0 0 |   0 x   0 | 0 0 |   0 x   0 | 0 0 |   0 x   0 | 114280 0 52554 M 5889468800 68136
1531373519 000000 SNAPSHOT ni1901 | 114160 114220 |   1 x   2 | 0 0 |   0 x   0 | 0 0 |   0 x   0 | 0 0 |   0 x   0 | 0 0 |   0 x   0 | 114160 0 52790 M 5916425280 68108
1531373579 000000 SNAPSHOT ni1901 | 114050 114090 |   1 x   1 | 0 0 |   0 x   0 | 0 0 |   0 x   0 | 0 0 |   0 x   0 | 0 0 |   0 x   0 | 114120 0 53076 M 5949062240 67990
1531373639 000000 SNAPSHOT ni1901 | 113850 113910 |   2 x   1 | 0 0 |   0 x   0 | 0 0 |   0 x   0 | 0 0 |   0 x   0 | 0 0 |   0 x   0 | 113890 0 53162 M 5958860280 67986
1531373698 000000 SNAPSHOT ni1901 | 113890 113950 |   3 x   2 | 0 0 |   0 x   0 | 0 0 |   0 x   0 | 0 0 |   0 x   0 | 0 0 |   0 x   0 | 113910 0 53264 M 5970476020 67978
1531373758 000000 SNAPSHOT ni1901 | 113940 113990 |   5 x   1 | 0 0 |   0 x   0 | 0 0 |   0 x   0 | 0 0 |   0 x   0 | 0 0 |   0 x   0 | 114000 0 53298 M 5974350220 67974
1531373819 000000 SNAPSHOT ni1901 | 113710 113760 |   4 x   6 | 0 0 |   0 x   0 | 0 0 |   0 x   0 | 0 0 |   0 x   0 | 0 0 |   0 x   0 | 113700 0 53476 M 5994607260 68002
1531373879 000000 SNAPSHOT ni1901 | 113710 113780 |   1 x   1 | 0 0 |   0 x   0 | 0 0 |   0 x   0 | 0 0 |   0 x   0 | 0 0 |   0 x   0 | 113730 0 53622 M 6011213320 67982
1531373939 000000 SNAPSHOT ni1901 | 113740 113790 |   1 x   1 | 0 0 |   0 x   0 | 0 0 |   0 x   0 | 0 0 |   0 x   0 | 0 0 |   0 x   0 | 113750 0 53716 M 6021911040 68032
1531373997 000000 SNAPSHOT ni1901 | 113740 113790 |   4 x   1 | 0 0 |   0 x   0 | 0 0 |   0 x   0 | 0 0 |   0 x   0 | 0 0 |   0 x   0 | 113780 0 53762 M 6027144400 68032
1531374059 000000 SNAPSHOT ni1901 | 113740 113800 |   1 x   5 | 0 0 |   0 x   0 | 0 0 |   0 x   0 | 0 0 |   0 x   0 | 0 0 |   0 x   0 | 113800 0 53808 M 6032378140 68022
1531374119 000000 SNAPSHOT ni1901 | 113780 113850 |   1 x   5 | 0 0 |   0 x   0 | 0 0 |   0 x   0 | 0 0 |   0 x   0 | 0 0 |   0 x   0 | 113850 0 53978 M 6051726260 68060
1531374179 000000 SNAPSHOT ni1901 | 113780 113830 |   1 x   2 | 0 0 |   0 x   0 | 0 0 |   0 x   0 | 0 0 |   0 x   0 | 0 0 |   0 x   0 | 113820 0 54026 M 6057190760 68066
1531374239 000000 SNAPSHOT ni1901 | 113810 113850 |   1 x   4 | 0 0 |   0 x   0 | 0 0 |   0 x   0 | 0 0 |   0 x   0 | 0 0 |   0 x   0 | 113840 0 54086 M 6064018560 68044
1531374297 000000 SNAPSHOT ni1901 | 113730 113790 |   1 x   1 | 0 0 |   0 x   0 | 0 0 |   0 x   0 | 0 0 |   0 x   0 | 0 0 |   0 x   0 | 113770 0 54144 M 6070616140 68036
1531374359 000000 SNAPSHOT ni1901 | 113700 113730 |  50 x   1 | 0 0 |   0 x   0 | 0 0 |   0 x   0 | 0 0 |   0 x   0 | 0 0 |   0 x   0 | 113730 0 54240 M 6081531900 68040
1531374417 000000 SNAPSHOT ni1901 | 113700 113740 |   2 x   6 | 0 0 |   0 x   0 | 0 0 |   0 x   0 | 0 0 |   0 x   0 | 0 0 |   0 x   0 | 113700 0 54392 M 6098815420 68108
1531374478 000000 SNAPSHOT ni1901 | 113700 113750 |   1 x   3 | 0 0 |   0 x   0 | 0 0 |   0 x   0 | 0 0 |   0 x   0 | 0 0 |   0 x   0 | 113750 0 54434 M 6103591240 68116
1531374538 000000 SNAPSHOT ni1901 | 113800 113850 |   1 x  12 | 0 0 |   0 x   0 | 0 0 |   0 x   0 | 0 0 |   0 x   0 | 0 0 |   0 x   0 | 113830 0 54522 M 6113606380 68136
1531374599 000000 SNAPSHOT ni1901 | 113800 113850 |   1 x  13 | 0 0 |   0 x   0 | 0 0 |   0 x   0 | 0 0 |   0 x   0 | 0 0 |   0 x   0 | 113840 0 54526 M 6114061760 68140
1531374658 000000 SNAPSHOT ni1901 | 113790 113850 |   1 x  13 | 0 0 |   0 x   0 | 0 0 |   0 x   0 | 0 0 |   0 x   0 | 0 0 |   0 x   0 | 113840 0 54536 M 6115200000 68138
1531374719 000000 SNAPSHOT ni1901 | 113790 113840 |   1 x   2 | 0 0 |   0 x   0 | 0 0 |   0 x   0 | 0 0 |   0 x   0 | 0 0 |   0 x   0 | 113780 0 54562 M 6118158620 68138
1531374772 000000 SNAPSHOT ni1901 | 113770 113800 |   2 x   5 | 0 0 |   0 x   0 | 0 0 |   0 x   0 | 0 0 |   0 x   0 | 0 0 |   0 x   0 | 113800 0 54624 M 6125215620 68168
1531374839 000000 SNAPSHOT ni1901 | 113840 113890 |   1 x   4 | 0 0 |   0 x   0 | 0 0 |   0 x   0 | 0 0 |   0 x   0 | 0 0 |   0 x   0 | 113880 0 54674 M 6130907720 68154
1531374894 000000 SNAPSHOT ni1901 | 113850 113880 |   1 x   1 | 0 0 |   0 x   0 | 0 0 |   0 x   0 | 0 0 |   0 x   0 | 0 0 |   0 x   0 | 113860 0 54700 M 6133868020 68160
1531374958 000000 SNAPSHOT ni1901 | 113800 113850 |  51 x   1 | 0 0 |   0 x   0 | 0 0 |   0 x   0 | 0 0 |   0 x   0 | 0 0 |   0 x   0 | 113830 0 54712 M 6135234120 68162
1531375016 000000 SNAPSHOT ni1901 | 113830 113880 |   1 x   3 | 0 0 |   0 x   0 | 0 0 |   0 x   0 | 0 0 |   0 x   0 | 0 0 |   0 x   0 | 113870 0 54796 M 6144798940 68126
1531375079 000000 SNAPSHOT ni1901 | 113850 113890 |  20 x   9 | 0 0 |   0 x   0 | 0 0 |   0 x   0 | 0 0 |   0 x   0 | 0 0 |   0 x   0 | 113890 0 54894 M 6155956820 68152
1531375139 000000 SNAPSHOT ni1901 | 113860 113940 |   5 x   5 | 0 0 |   0 x   0 | 0 0 |   0 x   0 | 0 0 |   0 x   0 | 0 0 |   0 x   0 | 113910 0 55000 M 6168031340 68132
1531375199 000000 SNAPSHOT ni1901 | 113850 113870 |  16 x   3 | 0 0 |   0 x   0 | 0 0 |   0 x   0 | 0 0 |   0 x   0 | 0 0 |   0 x   0 | 113850 0 55024 M 6170763940 68138
1531375258 000000 SNAPSHOT ni1901 | 113880 113930 |   1 x   1 | 0 0 |   0 x   0 | 0 0 |   0 x   0 | 0 0 |   0 x   0 | 0 0 |   0 x   0 | 113880 0 55110 M 6180557380 68146
1531375319 000000 SNAPSHOT ni1901 | 113850 113930 |   1 x   1 | 0 0 |   0 x   0 | 0 0 |   0 x   0 | 0 0 |   0 x   0 | 0 0 |   0 x   0 | 113890 0 55116 M 6181240720 68146
1531375375 000000 SNAPSHOT ni1901 | 113870 113930 |   2 x   1 | 0 0 |   0 x   0 | 0 0 |   0 x   0 | 0 0 |   0 x   0 | 0 0 |   0 x   0 | 113920 0 55130 M 6182835520 68134
1531375439 000000 SNAPSHOT ni1901 | 113860 113910 |   1 x   2 | 0 0 |   0 x   0 | 0 0 |   0 x   0 | 0 0 |   0 x   0 | 0 0 |   0 x   0 | 113900 0 55200 M 6190805400 68180
1531375493 000000 SNAPSHOT ni1901 | 113850 113910 |   7 x   1 | 0 0 |   0 x   0 | 0 0 |   0 x   0 | 0 0 |   0 x   0 | 0 0 |   0 x   0 | 113910 0 55212 M 6192171820 68180
1531375559 000000 SNAPSHOT ni1901 | 113830 113900 |   2 x   6 | 0 0 |   0 x   0 | 0 0 |   0 x   0 | 0 0 |   0 x   0 | 0 0 |   0 x   0 | 113840 0 55234 M 6194676540 68194
1531375619 000000 SNAPSHOT ni1901 | 113810 113860 |   1 x   2 | 0 0 |   0 x   0 | 0 0 |   0 x   0 | 0 0 |   0 x   0 | 0 0 |   0 x   0 | 113810 0 55250 M 6196497840 68202
1531375679 000000 SNAPSHOT ni1901 | 113800 113850 |   2 x   1 | 0 0 |   0 x   0 | 0 0 |   0 x   0 | 0 0 |   0 x   0 | 0 0 |   0 x   0 | 113830 0 55262 M 6197863780 68206
1531375734 000000 SNAPSHOT ni1901 | 113810 113860 |   1 x   3 | 0 0 |   0 x   0 | 0 0 |   0 x   0 | 0 0 |   0 x   0 | 0 0 |   0 x   0 | 113850 0 55264 M 6198091480 68206
1531375799 000000 SNAPSHOT ni1901 | 113890 113930 |   2 x   1 | 0 0 |   0 x   0 | 0 0 |   0 x   0 | 0 0 |   0 x   0 | 0 0 |   0 x   0 | 113890 0 55288 M 6200824820 68208
1531375859 000000 SNAPSHOT ni1901 | 113890 113920 |   5 x   1 | 0 0 |   0 x   0 | 0 0 |   0 x   0 | 0 0 |   0 x   0 | 0 0 |   0 x   0 | 113920 0 55296 M 6201736080 68208
1531375914 000000 SNAPSHOT ni1901 | 113890 113930 |   2 x   2 | 0 0 |   0 x   0 | 0 0 |   0 x   0 | 0 0 |   0 x   0 | 0 0 |   0 x   0 | 113920 0 55320 M 6204469580 68210
1531375978 000000 SNAPSHOT ni1901 | 113900 113940 |  10 x   9 | 0 0 |   0 x   0 | 0 0 |   0 x   0 | 0 0 |   0 x   0 | 0 0 |   0 x   0 | 113930 0 55336 M 6206292480 68210
1531376039 000000 SNAPSHOT ni1901 | 113860 113920 |   5 x   1 | 0 0 |   0 x   0 | 0 0 |   0 x   0 | 0 0 |   0 x   0 | 0 0 |   0 x   0 | 113870 0 55402 M 6213810080 68226
1531376098 000000 SNAPSHOT ni1901 | 113850 113900 |   1 x  10 | 0 0 |   0 x   0 | 0 0 |   0 x   0 | 0 0 |   0 x   0 | 0 0 |   0 x   0 | 113900 0 55450 M 6219275660 68232
1531376159 000000 SNAPSHOT ni1901 | 113840 113890 |   1 x   1 | 0 0 |   0 x   0 | 0 0 |   0 x   0 | 0 0 |   0 x   0 | 0 0 |   0 x   0 | 113840 0 55460 M 6220414220 68232
1531376216 000000 SNAPSHOT ni1901 | 113840 113900 |   1 x   3 | 0 0 |   0 x   0 | 0 0 |   0 x   0 | 0 0 |   0 x   0 | 0 0 |   0 x   0 | 113850 0 55478 M 6222464060 68246
1531376270 000000 SNAPSHOT ni1901 | 113840 113880 |   1 x  13 | 0 0 |   0 x   0 | 0 0 |   0 x   0 | 0 0 |   0 x   0 | 0 0 |   0 x   0 | 113840 0 55482 M 6222919540 68248
1531376339 000000 SNAPSHOT ni1901 | 113880 113900 |   1 x  12 | 0 0 |   0 x   0 | 0 0 |   0 x   0 | 0 0 |   0 x   0 | 0 0 |   0 x   0 | 113880 0 55688 M 6246377260 68136
1531376398 000000 SNAPSHOT ni1901 | 113810 113860 |   4 x   1 | 0 0 |   0 x   0 | 0 0 |   0 x   0 | 0 0 |   0 x   0 | 0 0 |   0 x   0 | 113850 0 55730 M 6251159880 68122
1531376459 000000 SNAPSHOT ni1901 | 113850 113900 |   3 x   8 | 0 0 |   0 x   0 | 0 0 |   0 x   0 | 0 0 |   0 x   0 | 0 0 |   0 x   0 | 113850 0 55776 M 6256397780 68130
1531376513 000000 SNAPSHOT ni1901 | 113860 113900 |   1 x   8 | 0 0 |   0 x   0 | 0 0 |   0 x   0 | 0 0 |   0 x   0 | 0 0 |   0 x   0 | 113860 0 55780 M 6256853300 68134
1531376579 000000 SNAPSHOT ni1901 | 113820 113860 |   4 x   5 | 0 0 |   0 x   0 | 0 0 |   0 x   0 | 0 0 |   0 x   0 | 0 0 |   0 x   0 | 113860 0 55788 M 6257764340 68138
1531376639 000000 SNAPSHOT ni1901 | 113800 113860 |   1 x   5 | 0 0 |   0 x   0 | 0 0 |   0 x   0 | 0 0 |   0 x   0 | 0 0 |   0 x   0 | 113850 0 55836 M 6263227100 68168
1531376698 000000 SNAPSHOT ni1901 | 113760 113820 |   6 x   2 | 0 0 |   0 x   0 | 0 0 |   0 x   0 | 0 0 |   0 x   0 | 0 0 |   0 x   0 | 113770 0 55854 M 6265275480 68172
1531376757 000000 SNAPSHOT ni1901 | 113790 113850 |   1 x   3 | 0 0 |   0 x   0 | 0 0 |   0 x   0 | 0 0 |   0 x   0 | 0 0 |   0 x   0 | 113830 0 55894 M 6269826840 68176
1531376814 000000 SNAPSHOT ni1901 | 113810 113860 |   3 x   6 | 0 0 |   0 x   0 | 0 0 |   0 x   0 | 0 0 |   0 x   0 | 0 0 |   0 x   0 | 113830 0 55908 M 6271420340 68184
1531376879 000000 SNAPSHOT ni1901 | 113830 113900 |   2 x   6 | 0 0 |   0 x   0 | 0 0 |   0 x   0 | 0 0 |   0 x   0 | 0 0 |   0 x   0 | 113860 0 55928 M 6273697360 68194
1531376939 000000 SNAPSHOT ni1901 | 114120 114130 |   3 x   2 | 0 0 |   0 x   0 | 0 0 |   0 x   0 | 0 0 |   0 x   0 | 0 0 |   0 x   0 | 114120 0 56126 M 6296275060 68210
1531376999 000000 SNAPSHOT ni1901 | 114170 114210 |   1 x   2 | 0 0 |   0 x   0 | 0 0 |   0 x   0 | 0 0 |   0 x   0 | 0 0 |   0 x   0 | 114210 0 56636 M 6354519860 68094
1531377059 000000 SNAPSHOT ni1901 | 113760 113860 |   4 x   1 | 0 0 |   0 x   0 | 0 0 |   0 x   0 | 0 0 |   0 x   0 | 0 0 |   0 x   0 | 113810 0 56778 M 6370700120 68076
1531377119 000000 SNAPSHOT ni1901 | 113690 113780 |   8 x   1 | 0 0 |   0 x   0 | 0 0 |   0 x   0 | 0 0 |   0 x   0 | 0 0 |   0 x   0 | 113720 0 56996 M 6395491060 68130
1531377178 000000 SNAPSHOT ni1901 | 113740 113800 |  12 x   2 | 0 0 |   0 x   0 | 0 0 |   0 x   0 | 0 0 |   0 x   0 | 0 0 |   0 x   0 | 113740 0 57062 M 6402997320 68154
1531377239 000000 SNAPSHOT ni1901 | 113780 113830 |   1 x   1 | 0 0 |   0 x   0 | 0 0 |   0 x   0 | 0 0 |   0 x   0 | 0 0 |   0 x   0 | 113830 0 57140 M 6411872320 68152
1531377299 000000 SNAPSHOT ni1901 | 113800 113850 |   1 x   1 | 0 0 |   0 x   0 | 0 0 |   0 x   0 | 0 0 |   0 x   0 | 0 0 |   0 x   0 | 113820 0 57160 M 6414148780 68160
1531377359 000000 SNAPSHOT ni1901 | 113950 114000 |  10 x   1 | 0 0 |   0 x   0 | 0 0 |   0 x   0 | 0 0 |   0 x   0 | 0 0 |   0 x   0 | 113950 0 57216 M 6420527100 68152
1531377419 000000 SNAPSHOT ni1901 | 113870 113920 |   1 x   1 | 0 0 |   0 x   0 | 0 0 |   0 x   0 | 0 0 |   0 x   0 | 0 0 |   0 x   0 | 113870 0 57278 M 6427590720 68192
1531377479 000000 SNAPSHOT ni1901 | 113980 113990 |   1 x   1 | 0 0 |   0 x   0 | 0 0 |   0 x   0 | 0 0 |   0 x   0 | 0 0 |   0 x   0 | 113980 0 57308 M 6431008720 68202
1531377539 000000 SNAPSHOT ni1901 | 113870 113940 |   2 x   1 | 0 0 |   0 x   0 | 0 0 |   0 x   0 | 0 0 |   0 x   0 | 0 0 |   0 x   0 | 113870 0 57376 M 6438754300 68232
1531377599 000000 SNAPSHOT ni1901 | 113890 113950 |   2 x   1 | 0 0 |   0 x   0 | 0 0 |   0 x   0 | 0 0 |   0 x   0 | 0 0 |   0 x   0 | 113920 0 57392 M 6440576880 68236
1531377658 000000 SNAPSHOT ni1901 | 113880 113950 |   8 x   1 | 0 0 |   0 x   0 | 0 0 |   0 x   0 | 0 0 |   0 x   0 | 0 0 |   0 x   0 | 113900 0 57440 M 6446045440 68224
1531377717 000000 SNAPSHOT ni1901 | 113810 113880 |   1 x   1 | 0 0 |   0 x   0 | 0 0 |   0 x   0 | 0 0 |   0 x   0 | 0 0 |   0 x   0 | 113900 0 57518 M 6454929340 68218
1531377778 000000 SNAPSHOT ni1901 | 113870 113930 |   2 x   8 | 0 0 |   0 x   0 | 0 0 |   0 x   0 | 0 0 |   0 x   0 | 0 0 |   0 x   0 | 113860 0 57604 M 6464725580 68270
1531377838 000000 SNAPSHOT ni1901 | 113880 113950 |   5 x   7 | 0 0 |   0 x   0 | 0 0 |   0 x   0 | 0 0 |   0 x   0 | 0 0 |   0 x   0 | 113900 0 57618 M 6466320500 68266
1531377898 000000 SNAPSHOT ni1901 | 113890 113950 |   2 x   1 | 0 0 |   0 x   0 | 0 0 |   0 x   0 | 0 0 |   0 x   0 | 0 0 |   0 x   0 | 113890 0 57666 M 6471788460 68274
1531377959 000000 SNAPSHOT ni1901 | 113910 113980 |   2 x  13 | 0 0 |   0 x   0 | 0 0 |   0 x   0 | 0 0 |   0 x   0 | 0 0 |   0 x   0 | 113970 0 57686 M 6474067220 68284
1531378019 000000 SNAPSHOT ni1901 | 114040 114090 |   2 x   2 | 0 0 |   0 x   0 | 0 0 |   0 x   0 | 0 0 |   0 x   0 | 0 0 |   0 x   0 | 114050 0 57804 M 6487523340 68284
1531378079 000000 SNAPSHOT ni1901 | 114080 114140 |   3 x   6 | 0 0 |   0 x   0 | 0 0 |   0 x   0 | 0 0 |   0 x   0 | 0 0 |   0 x   0 | 114110 0 57904 M 6498932760 68330
1531378139 000000 SNAPSHOT ni1901 | 113990 114060 |   4 x   1 | 0 0 |   0 x   0 | 0 0 |   0 x   0 | 0 0 |   0 x   0 | 0 0 |   0 x   0 | 113990 0 58068 M 6517644060 68406
1531378199 000000 SNAPSHOT ni1901 | 113950 114020 |   2 x   2 | 0 0 |   0 x   0 | 0 0 |   0 x   0 | 0 0 |   0 x   0 | 0 0 |   0 x   0 | 113990 0 58118 M 6523344900 68424
1531378259 000000 SNAPSHOT ni1901 | 113980 114020 |   2 x   3 | 0 0 |   0 x   0 | 0 0 |   0 x   0 | 0 0 |   0 x   0 | 0 0 |   0 x   0 | 113970 0 58138 M 6525624860 68430
1531378319 000000 SNAPSHOT ni1901 | 113980 114040 |   4 x  11 | 0 0 |   0 x   0 | 0 0 |   0 x   0 | 0 0 |   0 x   0 | 0 0 |   0 x   0 | 114020 0 58190 M 6531552560 68442
1531378379 000000 SNAPSHOT ni1901 | 113970 114000 |   1 x  15 | 0 0 |   0 x   0 | 0 0 |   0 x   0 | 0 0 |   0 x   0 | 0 0 |   0 x   0 | 114000 0 58302 M 6544321720 68458
1531378439 000000 SNAPSHOT ni1901 | 113930 113980 |   2 x   1 | 0 0 |   0 x   0 | 0 0 |   0 x   0 | 0 0 |   0 x   0 | 0 0 |   0 x   0 | 113930 0 58324 M 6546829120 68454
1531378498 000000 SNAPSHOT ni1901 | 113980 114020 |   1 x   1 | 0 0 |   0 x   0 | 0 0 |   0 x   0 | 0 0 |   0 x   0 | 0 0 |   0 x   0 | 114000 0 58382 M 6553438060 68436
1531378557 000000 SNAPSHOT ni1901 | 114010 114030 |   1 x   2 | 0 0 |   0 x   0 | 0 0 |   0 x   0 | 0 0 |   0 x   0 | 0 0 |   0 x   0 | 114020 0 58520 M 6569174300 68440
1531378619 000000 SNAPSHOT ni1901 | 113970 113990 |   2 x   1 | 0 0 |   0 x   0 | 0 0 |   0 x   0 | 0 0 |   0 x   0 | 0 0 |   0 x   0 | 113980 0 58596 M 6577838140 68442
1531378679 000000 SNAPSHOT ni1901 | 113970 113990 |   5 x   9 | 0 0 |   0 x   0 | 0 0 |   0 x   0 | 0 0 |   0 x   0 | 0 0 |   0 x   0 | 113980 0 58776 M 6598350120 68432
1531378739 000000 SNAPSHOT ni1901 | 114010 114020 |   1 x   1 | 0 0 |   0 x   0 | 0 0 |   0 x   0 | 0 0 |   0 x   0 | 0 0 |   0 x   0 | 114020 0 58952 M 6618415040 68368
start print vector out:
0: 111730.000000
1: 111697.000000
2: 111662.300000
3: 111626.070000
4: 111595.463000
5: 111563.916700
6: 111549.525030
7: 111523.572527
8: 111502.215274
9: 111476.993747
10: 111450.294372
11: 111428.264935
12: 111420.438441
13: 111416.394597
14: 111412.755138
15: 111405.479624
16: 111390.931661
17: 111382.838495
18: 111383.554646
19: 111384.199181
20: 111374.779263
21: 111375.301337
22: 111372.771203
23: 111370.494083
24: 111368.444675
25: 111368.600207
26: 111368.740186
27: 111368.866168
28: 111371.979551
29: 111375.781596
30: 111380.203436
31: 111387.183093
32: 111412.464783
33: 111487.218305
34: 111604.496475
35: 111694.046827
36: 111777.642144
37: 111912.877930
38: 112026.590137
39: 112140.931123
40: 112262.838011
41: 112362.554210
42: 112482.298789
43: 112644.068910
44: 112753.662019
45: 112845.295817
46: 112916.766235
47: 112986.089612
48: 113051.480651
49: 113102.332586
50: 113151.099327
51: 113203.989394
52: 113236.590455
53: 113270.931409
54: 113301.838268
55: 113329.654442
56: 113357.688997
57: 113374.920098
58: 113394.428088
59: 113419.985279
60: 113451.986751
61: 113488.788076
62: 113515.909268
63: 113537.318342
64: 113558.586507
65: 113567.727857
66: 113569.955071
67: 113567.959564
68: 113559.163608
69: 113553.247247
70: 113552.922522
71: 113549.630270
72: 113537.667243
73: 113522.900519
74: 113517.610467
75: 113516.849420
76: 113516.849420
77: 113516.849420
78: 113516.849420
79: 113516.849420
80: 113516.849420
81: 113516.849420
82: 113516.849420
83: 113516.849420
84: 113516.849420
85: 113516.849420
86: 113516.849420
87: 113516.849420
88: 113516.849420
89: 113516.849420
90: 113516.164478
91: 113520.548030
92: 113519.493227
93: 113517.543905
94: 113511.789514
95: 113504.610563
96: 113494.149506
97: 113481.734556
98: 113456.561100
99: 113429.904990
100: 113409.914491
101: 113391.923042
102: 113376.730738
103: 113364.057664
104: 113353.651898
105: 113341.286708
106: 113337.158037
107: 113331.442233
108: 113328.298010
109: 113322.468209
110: 113316.221388
111: 113312.599249
112: 113309.339324
113: 113308.405392
114: 113303.564853
115: 113301.208367
116: 113303.087531
117: 113315.778778
118: 113325.200900
119: 113334.680810
120: 113360.212729
121: 113384.191456
122: 113400.772310
123: 113419.695079
124: 113437.725571
125: 113452.953014
126: 113465.657713
127: 113475.091942
128: 113479.582747
129: 113489.624473
130: 113491.662025
131: 113484.495823
132: 113484.046241
133: 113473.641617
134: 113463.277455
135: 113456.949709
136: 113462.254738
137: 113470.029265
138: 113476.026338
139: 113488.423704
140: 113505.581334
141: 113518.023201
142: 113529.220880
143: 113542.298792
144: 113560.068913
145: 113574.062022
146: 113590.655820
147: 113629.590238
148: 113661.631214
149: 113683.468093
150: 113735.121283
151: 113735.121283
152: 113735.121283
153: 113735.121283
154: 113735.121283
155: 113735.121283
156: 113735.121283
157: 113735.121283
158: 113735.121283
159: 113735.121283
160: 113735.121283
161: 113735.121283
162: 113735.121283
163: 113735.121283
164: 113735.121283
165: 113735.121283
166: 113735.121283
167: 113735.121283
168: 113735.121283
169: 113735.121283
170: 113735.121283
171: 113735.121283
172: 113735.121283
173: 113735.121283
174: 113735.121283
175: 113735.121283
176: 113735.121283
177: 113735.121283
178: 113735.121283
179: 113735.121283
180: 113735.121283
181: 113735.121283
182: 113735.121283
183: 113735.121283
184: 113735.121283
185: 113735.121283
186: 113735.121283
187: 113735.121283
188: 113735.121283
189: 113735.121283
190: 113735.121283
191: 113735.121283
192: 113735.121283
193: 113735.121283
194: 113735.121283
195: 113735.121283
196: 113735.121283
197: 113735.121283
198: 113735.121283
199: 113735.121283
200: 113735.121283
201: 113735.121283
202: 113735.121283
203: 113735.121283
204: 113735.121283
205: 113735.121283
206: 113735.121283
207: 113735.121283
208: 113735.121283
209: 113735.121283
210: 113735.121283
211: 113735.121283
212: 113735.121283
213: 113735.121283
214: 113735.121283
215: 113735.121283
216: 113735.121283
217: 113735.121283
218: 113735.121283
219: 113735.121283
220: 113735.121283
221: 113735.121283
222: 113735.121283
223: 113735.121283
224: 113735.121283
225: 113735.121283
226: 113735.121283
227: 113735.121283
228: 113735.121283
229: 113735.121283
230: 113735.121283
231: 113735.121283
232: 113735.121283
233: 113735.121283
234: 113735.121283
235: 113735.121283
236: 113735.121283
237: 113735.121283
238: 113735.121283
239: 113735.121283
240: 113735.121283
241: 113735.121283
242: 113735.121283
243: 113735.121283
244: 113735.121283
245: 113735.121283
246: 113735.121283
247: 113735.121283
248: 113735.121283
249: 113735.121283
250: 113735.121283
251: 113735.121283
252: 113735.121283
253: 113735.121283
254: 113735.121283
255: 113735.121283
256: 113735.121283
257: 113735.121283
258: 113735.121283
259: 113735.121283
260: 113735.121283
261: 113735.121283
262: 113735.121283
263: 113735.121283
264: 113735.121283
265: 113735.121283
266: 113735.121283
267: 113735.121283
268: 113735.121283
269: 113735.121283
270: 113781.609155
271: 113831.448239
272: 113864.303416
273: 113889.873074
274: 113889.885767
275: 113891.897190
276: 113902.707471
277: 113882.436724
278: 113867.193051
279: 113855.473746
280: 113847.926372
281: 113843.133735
282: 113843.820361
283: 113841.438325
284: 113841.294492
285: 113834.165043
286: 113823.748539
287: 113811.373685
288: 113805.236316
289: 113807.712685
290: 113810.941416
291: 113813.847275
292: 113810.462547
293: 113809.416293
294: 113816.474663
295: 113820.827197
296: 113821.744477
297: 113826.570030
298: 113832.913027
299: 113840.621724
300: 113841.559552
301: 113845.403596
302: 113849.863237
303: 113856.876913
304: 113861.189222
305: 113866.070300
306: 113863.463270
307: 113858.116943
308: 113855.305248
309: 113854.774724
310: 113858.297251
311: 113864.467526
312: 113870.020773
313: 113876.018696
314: 113875.416827
315: 113877.875144
316: 113874.087629
317: 113871.678867
318: 113868.510980
319: 113869.659882
320: 113867.693894
321: 113865.924504
322: 113865.332054
323: 113864.798849
324: 113863.318964
325: 113853.987067
326: 113851.588361
327: 113849.429525
328: 113850.486572
329: 113877.437915
330: 113910.694123
331: 113900.624711
332: 113882.562240
333: 113868.306016
334: 113864.475414
335: 113860.027873
336: 113869.025086
337: 113869.122577
338: 113880.210319
33
